40871150
40923118
40923124
40923127
40923139
40923213
41023134
41023155
41023156
41023238
41023245
41023246
41036114
41123101
41123102
41123105
41123107
41123108
41123111
41123112
41123114
41123115
41123116
41123117
41123119
41123120
41123122
41123123
41123124
41123126
41123128
41123129
41123130
41123131
41123133
41123134
41123135
41123136
41123137
41123138
41123139
41123140
41123141
41123142
41123143
41123144
41123145
41123146
41123148
41123149
41123150
41123152
41123153
41123154
41136113
41136120
41136123