40971234
41123201
41123202
41123203
41123204
41123205
41123206
41123207
41123208
41123209
41123210
41123211
41123212
41123213
41123214
41123215
41123216
41123217
41123218
41123219
41123220
41123221
41123222
41123223
41123224
41123226
41123227
41123228
41123229
41123230
41123231
41123232
41123233
41123234
41123235
41123236
41123237
41123238
41123239
41123240
41123241
41123243
41123244
41123245
41123246
41123247
41123248
41123249
41123250
41123251
41132222
41136103
41136124
41136126
41136131