40823241
41023101
41023131
41023141
41223101
41223102
41223103
41223104
41223105
41223106
41223107
41223108
41223110
41223111
41223112
41223113
41223114
41223116
41223117
41223118
41223120
41223121
41223122
41223123
41223124
41223125
41223126
41223127
41223128
41223129
41223130
41223131
41223132
41223133
41223134
41223135
41223136
41223137
41223138
41223139
41223140
41223141
41223142
41223143
41223144
41223145
41223146
41223147
41223148
41223149
41223150
41223151
41223152
41223153