40928213
40930151
40931103
41223201
41223202
41223203
41223204
41223205
41223206
41223207
41223208
41223209
41223210
41223211
41223212
41223213
41223214
41223215
41223216
41223217
41223218
41223219
41223220
41223221
41223222
41223223
41223224
41223225
41223226
41223227
41223228
41223229
41223230
41223231
41223232
41223233
41223234
41223235
41223236
41223237
41223238
41223239
41223240
41223241
41223242
41223243
41223244
41223245
41223246
41223247
41223248
41223249
41223250
41223251
41223252